1 1 1 1 1 1 1 1 1 1 1 1 1 1 1 1 1 1 1 1 1 1 1 1 1 1 1 1 1 1 0 0 0 0 0 0 0 0 0 0 0 0 0 0 0 0 0 0 0 0 0 0 0 0 0 0 0 0 0 0
0 1 2 3 4 5 6 7 8 9 10 11 12 13 14 15 16 17 18 19 20 21 22 23 24 25 26 27 28 29 30 29 28 27 26 25 24 23 22 21 20 19 18 17 16 15 14 13 12 11 10 9 8 7 6 5 4 3 2 1
0 0 1 3 6 10 15 21 28 36 45 55 66 78 91 105 120 136 153 171 190 210 231 253 276 300 325 351 378 406 435 465 493 519 543 565 585 603 619 633 645 655 663 669 673 675 675 673 669 663 655 645 633 619 603 585 565 543 519 493
0 0 0 1 4 10 20 35 56 84 120 165 220 286 364 455 560 680 816 969 1140 1330 1540 1771 2024 2300 2600 2925 3276 3654 4060 4495 4960 5452 5968 6505 7060 7630 8212 8803 9400 10000 10600 11197 11788 12370 12940 13495 14032 14548 15040 15505 15940 16342 16708 17035 17320 17560 17752 17893
0 0 0 0 1 5 15 35 70 126 210 330 495 715 1001 1365 1820 2380 3060 3876 4845 5985 7315 8855 10626 12650 14950 17550 20475 23751 27405 31465 35960 40920 46371 52335 58830 65870 73465 81621 90340 99620 109455 119835 130746 142170 154085 166465 179280 192496 206075 219975 234150 248550 263121 277805 292540 307260 321895 336371
0 0 0 0 0 1 6 21 56 126 252 462 792 1287 2002 3003 4368 6188 8568 11628 15504 20349 26334 33649 42504 53130 65780 80730 98280 118755 142506 169911 201376 237336 278256 324626 376956 435771 501606 575001 656496 746626 845916 954876 1073996 1203741 1344546 1496811 1660896 1837116 2025736 2226966 2440956 2667791 2907486 3159981 3425136 3702726 3992436 4293856
0 0 0 0 0 0 1 7 28 84 210 462 924 1716 3003 5005 8008 12376 18564 27132 38760 54264 74613 100947 134596 177100 230230 296010 376740 475020 593775 736281 906192 1107568 1344904 1623160 1947785 2324735 2760485 3262035 3836910 4493154 5239318 6084442 7038031 8110025 9310763 10650941 12141564 13793892 15619380 17629612 19836229 22250851 24884993 27749975 30856826 34216182 37838178 41732334
0 0 0 0 0 0 0 1 8 36 120 330 792 1716 3432 6435 11440 19448 31824 50388 77520 116280 170544 245157 346104 480700 657800 888030 1184040 1560780 2035800 2629575 3365856 4272048 5379616 6724520 8347680 10295464 12620192 15380649 18642600 22479300 26971992 32210386 38293112 45328140 53433160 62735915 73374480 85497480 99264240 114844860 132420208 152181824 174331728 199082125 226655000 257281596 291201768 328663206
0 0 0 0 0 0 0 0 1 9 45 165 495 1287 3003 6435 12870 24310 43758 75582 125970 203490 319770 490314 735471 1081575 1562275 2220075 3108105 4292145 5852925 7888725 10518300 13884156 18156204 23535820 30260340 38608020 48903483 61523667 76904280 95546760 118025730 144996930 177205600 215495280 260816985 314238705 376955172 450297828 535744920 634931640 749660220 881909884 35602198 209587822 408189247 634186447 890580013 182353388
0 0 0 0 0 0 0 0 0 1 10 55 220 715 2002 5005 11440 24310 48620 92378 167960 293930 497420 817190 1307504 2042975 3124550 4686825 6906900 10015005 14307150 20160075 28048800 38567100 52451256 70607460 94143280 124403620 163011640 211915122 273438780 350343015 445889610 563914845 708910488 886113085 103357577 364161692 678376087 57043148 507265394 44639991 679368141 430464238 313639455 348506182 557012429 963639401 597361420 486588975
0 0 0 0 0 0 0 0 0 0 1 11 66 286 1001 3003 8008 19448 43758 92378 184756 352716 646646 1144066 1961256 3268760 5311735 8436285 13123110 20030010 30045015 44352165 64512240 92561040 131128140 183579396 254186856 348330136 472733756 635745396 847660517 122854934 473197894 919087284 484757061 195421194 83284921 186631058 550768440 230851554 287802324 794899758 839245819 519872187 949519235 263606833 610070040 165713566 126421789 716876309
0 0 0 0 0 0 0 0 0 0 0 1 12 78 364 1365 4368 12376 31824 75582 167960 352716 705432 1352078 2496144 4457400 7726160 13037895 21474180 34597290 54627300 84672315 129024480 193536720 286097760 417225900 600805296 854992152 205077935 677811691 315312734 164728897 287583820 760781648 681624293 168136000 363554191 446831104 633442714 185923043 416682219 704299787 500602476 340957296 859685417 808999043 71092763 675851068 833128349 946427028
0 0 0 0 0 0 0 0 0 0 0 0 1 13 91 455 1820 6188 18564 50388 125970 293930 646646 1352078 2704156 5200300 9657700 17383860 30421755 51895935 86493225 141120525 225792840 354817320 548354040 834451800 253433347 854238643 710986442 916064377 595631715 910944449 77428992 365012800 127550017 809173946 977308581 342614051 789432779 424599316 610446777 28716683 732663754 234316445 573921663 432866583 239163873 302530476 965343649 778753465
0 0 0 0 0 0 0 0 0 0 0 0 0 1 14 105 560 2380 8568 27132 77520 203490 497420 1144066 2496144 5200300 10400600 20058300 37442160 67863915 119759850 206253075 347373600 573166440 927983760 478093447 314300894 567734241 423728531 136470620 54290644 649922359 562622455 640051446 6819880 134369806 943543297 922605705 266969215 58139077 482688005 94764459 123187212 855204320 89924334 661141841 90563771 320069944 605216560 541894101
0 0 0 0 0 0 0 0 0 0 0 0 0 0 1 15 120 680 3060 11628 38760 116280 319770 817190 1961256 4457400 9657700 20058300 40116600 77558760 145422675 265182525 471435600 818809200 393731287 323470694 801564141 117620682 685354923 110839101 247309721 301600365 951522724 515900826 157707918 164527784 298897485 244195869 168554841 435515488 493627433 976237918 72554534 195244326 51060227 138488417 794429958 874593129 176360420 744134820
0 0 0 0 0 0 0 0 0 0 0 0 0 0 0 1 16 136 816 3876 15504 54264 170544 490314 1307504 3268760 7726160 17383860 37442160 77558760 155117520 300540195 565722720 38913967 857723167 253210101 576680795 380000583 497621265 184731835 295570936 542880657 844481022 797759393 315415866 473123783 637651552 936548917 182499753 351051534 786555394 281899714 259776999 332011763 526438899 575537870 709568887 496096792 352387268 488631088
0 0 0 0 0 0 0 0 0 0 0 0 0 0 0 0 1 17 153 969 4845 20349 74613 245157 735471 2042975 5311735 13037895 30421755 67863915 145422675 300540195 601080390 168558757 207472724 66951538 320161639 896842434 278598664 776219929 960951764 258278347 801159004 647395673 446910713 762326579 237206008 874857544 813161972 995660909 348464214 136759751 418605201 678211656 11488752 536620147 110644904 812487631 292956210 607901318
0 0 0 0 0 0 0 0 0 0 0 0 0 0 0 0 0 1 18 171 1140 5985 26334 100947 346104 1081575 3124550 8436285 21474180 51895935 119759850 265182525 565722720 168558757 337117514 544590238 611541776 931703415 830301496 110655807 886875736 849583147 109617141 910776145 559927465 8593825 770920404 9882058 884739585 699657051 697072638 47287654 184027056 602557644 282279790 293033071 827610243 932943412 734148795 996683250
0 0 0 0 0 0 0 0 0 0 0 0 0 0 0 0 0 0 1 19 190 1330 7315 33649 134596 480700 1562275 4686825 13123110 34597290 86493225 206253075 471435600 38913967 207472724 544590238 90936123 702477899 635936961 467994104 578649911 467281294 318620088 428237229 340769021 900696486 909290311 681966362 691848419 578343633 279756160 976827658 25864974 209865696 812322393 96011726 387963222 214204562 140467336 853141951
0 0 0 0 0 0 0 0 0 0 0 0 0 0 0 0 0 0 0 1 20 210 1540 8855 42504 177100 657800 2220075 6906900 20030010 54627300 141120525 347373600 818809200 857723167 66951538 611541776 702477899 406711445 44404053 512398157 92803715 560085009 878705097 308697973 649466994 551919127 462965085 146687094 838535512 418634773 698390743 676972718 702830377 912662424 726605868 822136894 210293488 419811225 547155451
0 0 0 0 0 0 0 0 0 0 0 0 0 0 0 0 0 0 0 0 1 21 231 1771 10626 53130 230230 888030 3108105 10015005 30045015 84672315 225792840 573166440 393731287 253210101 320161639 931703415 635936961 44404053 88808106 601206263 694009978 255850634 136311378 445009351 96231992 648151119 112871851 259558945 99850103 518484856 218631036 895602214 600179383 514554950 242739365 65974106 274047519 686951844
0 0 0 0 0 0 0 0 0 0 0 0 0 0 0 0 0 0 0 0 0 1 22 253 2024 12650 65780 296010 1184040 4292145 14307150 44352165 129024480 354817320 927983760 323470694 576680795 896842434 830301496 467994104 512398157 601206263 204168173 898178151 155784432 292095810 737105161 833337153 483243919 596115770 855674715 955524817 475765299 694396104 591752194 193676598 708178418 950687553 17529276 288468690
0 0 0 0 0 0 0 0 0 0 0 0 0 0 0 0 0 0 0 0 0 0 1 23 276 2300 14950 80730 376740 1560780 5852925 20160075 64512240 193536720 548354040 478093447 801564141 380000583 278598664 110655807 578649911 92803715 694009978 898178151 798111949 953896381 247747838 984852999 819945799 304945365 901061135 758491497 715771960 193292884 887688735 481194552 674858500 384726785 336873975 353219211
0 0 0 0 0 0 0 0 0 0 0 0 0 0 0 0 0 0 0 0 0 0 0 1 24 300 2600 17550 98280 475020 2035800 7888725 28048800 92561040 286097760 834451800 314300894 117620682 497621265 776219929 886875736 467281294 560085009 255850634 155784432 953896381 909548409 159051894 145660540 965606339 272307351 175124133 933615630 651143236 844436097 733880203 216828102 891671652 278073354 614570589
0 0 0 0 0 0 0 0 0 0 0 0 0 0 0 0 0 0 0 0 0 0 0 0 1 25 325 2925 20475 118755 593775 2629575 10518300 38567100 131128140 417225900 253433347 567734241 685354923 184731835 960951764 849583147 318620088 878705097 136311378 292095810 247747838 159051894 318103788 463764328 431126314 703433665 878557798 813929075 466827957 313019677 48655227 265480729 158890478 436865552
0 0 0 0 0 0 0 0 0 0 0 0 0 0 0 0 0 0 0 0 0 0 0 0 0 1 26 351 3276 23751 142506 736281 3365856 13884156 52451256 183579396 600805296 854238643 423728531 110839101 295570936 258278347 109617141 428237229 308697973 445009351 737105161 984852999 145660540 463764328 927528656 360410617 65599929 944157727 759842449 228426052 541445704 590100606 855578410 16204060
0 0 0 0 0 0 0 0 0 0 0 0 0 0 0 0 0 0 0 0 0 0 0 0 0 0 1 27 378 3654 27405 169911 906192 4272048 18156204 70607460 254186856 854992152 710986442 136470620 247309721 542880657 801159004 910776145 340769021 649466994 96231992 833337153 819945799 965606339 431126314 360410617 720821234 786421163 732334537 493932633 722358684 265560009 855660264 712991045
0 0 0 0 0 0 0 0 0 0 0 0 0 0 0 0 0 0 0 0 0 0 0 0 0 0 0 1 28 406 4060 31465 201376 1107568 5379616 23535820 94143280 348330136 205077935 916064377 54290644 301600365 844481022 647395673 559927465 900696486 551919127 648151119 483243919 304945365 272307351 703433665 65599929 786421163 574597973 308688157 802620790 526735120 792295102 649710635
0 0 0 0 0 0 0 0 0 0 0 0 0 0 0 0 0 0 0 0 0 0 0 0 0 0 0 0 1 29 435 4495 35960 237336 1344904 6724520 30260340 124403620 472733756 677811691 595631715 649922359 951522724 797759393 446910713 8593825 909290311 462965085 112871851 596115770 901061135 175124133 878557798 944157727 732334537 308688157 617376314 421752751 948487870 742538591
0 0 0 0 0 0 0 0 0 0 0 0 0 0 0 0 0 0 0 0 0 0 0 0 0 0 0 0 0 1 30 465 4960 40920 278256 1623160 8347680 38608020 163011640 635745396 315312734 910944449 562622455 515900826 315415866 762326579 770920404 681966362 146687094 259558945 855674715 758491497 933615630 813929075 759842449 493932633 802620790 421752751 843505502 793749018
793749018
