100.000000 45.286194 200.000000 45.286194
166.666667 31.692515 233.333333 61.365007
144.444444 27.713540 188.888889 40.478842
129.629630 33.080201 159.259259 29.009185
149.382716 26.033740 169.135802 32.614230
142.798354 28.285595 155.967078 27.855986
151.577503 26.356096 160.356653 29.398971
148.651120 26.279158 154.503887 27.351234
146.700198 26.939457 150.602042 26.028640
149.301428 26.060950 151.902657 26.465721
148.434351 26.352104 150.168504 25.883787
149.590453 25.964272 150.746555 26.077018
149.205086 26.093217 149.975820 25.835659
149.718909 25.921364 150.232732 25.905220
150.061458 25.848086 150.404006 25.962421
149.947275 25.845174 150.175641 25.886168
149.871153 25.870558 150.023397 25.835398
149.972649 25.836716 150.074145 25.852316
149.938817 25.847994 150.006481 25.829760
149.983926 25.832957 150.029035 25.837277
149.968890 25.837969 149.998962 25.827946
149.988938 25.831287 150.008987 25.830595
150.002304 25.828368 150.015670 25.832823
149.997849 25.828317 150.006759 25.829853
149.994878 25.829307 150.000819 25.827873
149.998839 25.827987 150.002799 25.828533
149.997519 25.828427 150.000159 25.827653
149.999279 25.827841 150.001039 25.827947
149.998692 25.828036 149.999865 25.827645
149.999474 25.827776 150.000257 25.827686
149.999996 25.827602 150.000517 25.827773
149.999822 25.827660 150.000170 25.827657
150.000054 25.827618 150.000286 25.827695
149.999976 25.827608 150.000131 25.827644
149.999925 25.827625 150.000028 25.827610
149.999994 25.827602 150.000062 25.827621
149.999971 25.827610 150.000017 25.827606
150.000001 25.827601 150.000032 25.827611
149.999991 25.827603 150.000011 25.827604
149.999984 25.827606 149.999998 25.827601
149.999993 25.827603 150.000002 25.827601
149.999999 25.827601 150.000005 25.827602
149.999997 25.827601 150.000001 25.827601
150.000000 25.827600 150.000003 25.827601
149.999999 25.827601 150.000001 25.827601
149.999999 25.827601 150.000000 25.827600
149.999999 25.827601 150.000000 25.827600
150.000000 25.827600 150.000000 25.827600
150.000000 25.827600 150.000000 25.827600
150.000000 25.827600 150.000000 25.827600
150.000000 25.827600 150.000000 25.827600
150.000000 25.827600 150.000000 25.827600
150.000000 25.827600 150.000000 25.827600
150.000000 25.827600 150.000000 25.827600
84.958242
